INDEX.

Ρ11101111011, Κο111. 25

—- Rob. 10 154 (2)

Piper, 11000100011011. 27
- Rob. 10 27, 151 (1)

-—- Τ. 27, 30

Ρ1000101, 1910. 151 (2)

Ρ10101, 000 801101, Ρο01001·
Ρ11101, 30001. 001 Μο13. 137
-— Hugo 001 10110000 29
-1011, and 1110. 30

- Laut. 19 (1), 19 (2)

- Tho. 135

- 99111. 16 (1), 29, 152 (1)
Ρ101001000 1307

Ρ100001,1011. 00111013. 45
Ρ10001111, Ηο0. 10 19 (1), 151 (1)
Ρο0111103100, 2001001000, 1110. 19 (1)
- will. 10 155 (1)
Ρο010011013, Tho. 10 135
Ρο01103100, 1011. 10 28
11011011, 1011. 155 (2)

Fert, Joh. 157 (1)
Ρο1101000,1110. 155 (2)

Ρο1101, Tho. 10135

Ρο1111010, 1011. 129, 130-2
Ρο1101, 11013. and 1110. 77
Ρο1100, 1011. (10100, 120, 154 (2)
-- Sym. 10 15 (1)

1οο110101, Ρο1101, 00101. 10 157 (2)
-- 310011. 10 153 (2)

- Tho. 10 135

-— Will. 10 154 (2)

- 99111. 10 and Agnes 18 (1)
Ρο00, 1011., 1101100, mena 45
Powel, 1110. 26, 27, 20, 30, 31
Prentiz. Joh. 1, 9, 21 (2)
Pressa, Joh. 01100 Hylte 17 (2)
Ρ1101, 99111. and 111000 40
Ρ11011011000, Ηο0. 1010 42
Ρ10010, 1011. 10 10 (2)
Ρι1111010, Tho. 001 Rath. 53
Ρ111101, 000 1100110101·

Ρο11011, 1011. 001 1011010 43
Putre, Joh. 27

Purser, Ηο0. 10 153 (1)
Ρο1110001, Tho. 19 (1)

Purvey, 810011. 151 (2)

Pyeher, Joh. 001 10110000 42

1)ογ0, 1011. 97

1101οο00, 1011. 30, 43, 51

1101001, 1011. 151 (2) ·

11011011, 1011. 0011111010 124

- 1103. 00113000 35

1100011, 1100110, Agnes 10 35

1101013000 150 (2)

- 100. 10 001 110111. 10 21 (1)

110101, 21000 10 152 (1)

- Ηο0. 10 26, 41

- 11030 10 129

-1011, 77

- Μο13. 10 14 (2)

- Nic. 77

- 1103. 10 152 (1)

- will. 10 10, 18 (2)

11011101, 11111000 17

-- 1011. 25, 137

- 11013. 17

- 99111. 17, 151 (1)

1101100010, 11010011οι0, 1011. 10 153 (1)

1100011010, Bothum, 110010 152 (1)

- Β1101110 (10 152 (1)

- 1011. 24, 97

- 11011. 10 18 (2)

- 110111. 10 19 (1)

- 1103. (10 41

- Sim. 10 4, 8, 9, 11, 12, 13,13(1),
19 (1), 132-4, 137, 154 (2)

- 99111. 10 2, 7

11010111, 1110. 0111 111010 30

1100003010, 1011. 10 001 Agnes 57

11011011, 1011. 124

1100011010, 000 1100011001

11000011, wat.. 1101111011οο 01 000101-
bury 24

111111, 1110. 38

111011, 1011000017 (2)

- Μο13. 10 20 (1)

111011οι1, Ρ1111. 001111010 18 (2)

11110110001,1011. 153 (1)

-1011, 10 19 (1)

- 1101111010 152 (1)

1111111100, 000 1010100001
1101101111, 1011. 00113000 40

00111101, Joh. 0, 00 (1), 100 (0)

1100111001, 1101101001, 1101. 10 135

 

