160

65615165, 17511. 6515 (2), 155 (2)

6515115111, Nic. 65155(2)

65115, Tho. 38

65115351151, Joh. le 157 (2)

6511511, Tho. 82

65551111, 1115. and 155111. 34

6511131151, Simon 82, 91

651, Alex. le 2, 152 (1)

651111, Rob. 18 (2)

651551, 653151 (1); 155 6115511516

651515, 5511. and Μ513. 40

65115, 155 651153

65111516, Pressa 153 (2)

65111535, see Barney

6515115111, 115651511551

651115311551, 155 611111536551

6511111511, (155 6511111511

6511155, 155 65111511

6511511, 5556511511

6513, Rob. 65 25, 137

6555111, Henr. 5116 111515 50

65151153, see 6111511113

65111511, 6511555511, Will 65 156 (2)

6531115111, Rob., Will. 82

613511, 6335111, 815311. 34

6111511115, 5511. 77

6111153, 6111151, 61111535, Τ115. 5116
Agnes, 46

- 5511. de 153 (1)

6151155, Joh. de 137

611151536551, 651. 65 156 (2); 653.
65156(1)

6111511113, 6115115335, 65151353, Joh.
(1513, 153 (1)

- Pet. de 25

- wat. (15 and 6111561115 23

615556553115, 651). 5116Μ5111. 17 (2)

6155351555, 155 6155535111511

· 61551511, Rob. de 5116 511515 37

61555535355511. 108

615553511155, Tho. 151 (1)
6151111335, Joh. 30

61511516, 6151516, Rob. (155116 16513. 47
6151115, 1111111555 154 (2)

- Μ5111. 16 (1)

- Tho. 16 (1), 135

6155111, 1551). (15 152 (2)

6131115, Joh. 65 154 (2)

INDEX.

656515511515, 155651115115111

· 656553, will. de 155 (2)

6511515116, aee 6551115116

6515511515, 55565515165111

6515555116, 155 6511151111

65115556111761. 5116 Agnes 51; 155
6511151111

65115, Τ115. 5116 5511511115 34

651551, will. 15 156 (2)

6511151565, 155 6551551556

Bonewell, 555 65115511

65511551, 6555115111, Alie. de 49

651115551165151135115111651. de 2, 5,
19 (2)

- Tho. 65 69, 70

Boura, 6155115, 61511115, christiana
uxor will. 65 23

- Η511. 65 19 (1)

- 5511. 65 135, 154 (2)

- Μ513. 65 23

—— Rob. 65 17 (1), 134, 156 (2)

—- Sym. 65 2, 5, 17 (2), 151 (2)

- Will. 65 23, 155 (2)

65116511, 65565115, Α6511165 14 (2)

6511351, Α1151515 155 (2)

- steph. 15 155 (1)

- Will. 25

6511151111, 6515555116, Rob. 65152 (2)

615655115511,5ο11. 19 (1), 21

- 16513. and 1115. 25

6156153, 6156515, 65116515 (1)

- Sim. 65 129

6151, Tho. 28-9

6151111511, 155 61556511

6151111155615113115, 6151111115, 6555115
65 9, 156 (1)

- 61111115 uxor Joh. 65 20 (2)

- 5511. 651, 14 (1), 18 (2), 130

- 111513. de 153 (2)

-- Tho. 65 9, 21 (1), 133

6151551511, 1111515 5151651 65 28

- 651. 65 28, 35

61556511, 6151111511, 63115565 155 (1)

- 1151. (15 17 (1)

- 653. 65 135

6151111115, aee 6151111155

6155115115, Will. 5116 0551115 28

6155111115, 555 615151155

 

