INDEX.

Numbers 15 brackets refer 15 columns.

11153155113531555, 1155315 14 (1),
20 (2)

- 77511 15153 (1)

Abraham, Joh. 69, 70

135511535515, Tho. fil. 152 (2)

111551, 1115. 40

1111555531, 1111155315, Rob. de 19 (1)

111513, Joh. 15 69, 70

1155151555 132

11535151. 153 (2)

-1511555 153 (2)

— Pet. 55

- Will. 15212)

11351, 1115. 15 (1)

111 6515151 71555 51, nee Dene, Will.
15 15

1155511151. 154 (1)

Amy, 13555 34

Amyn, Rob. 22 (1)

1555555, 55535531, will. de

--55511151553 Nic. de

Andre, 1153. 151 (2)

151555, Joh. 19 (1), 153 (2)

1553511, 13555 551 Joh. 36, 36

15351553, Prior 51 130, 135

Autome, Will. 156 (1)

1551513, 1535113111, 551 15155555
26

1551555511, Joh. 5511355526

151555, Adam 5511151515 16

-1515555515 22 (1); 1115, 15 22
(1), 136-7

- Tho. 15 and 15155555 32

155511, Joh. 25

15551555311151). 56

Arrington, 1555153155, 15535351οῂ,
13555 15 153 (2)

- 155. de 21 (2)

—- Tho. 15 551 Agnes 15 (1)

1555151, Joh. de 29

151, Joh. 59

11555115, Dera 155 (1)

111515ο1, 1151555151, Ric. 41

1115515551, Tho. 23

11155155515, Will. 55

11155155513515,11555, Will. 18 (1)

1115555551, 11551515, 35

1115555111, will. 137

1115151151553, Phil. 121

- Tho. 97

111535555, Β5555155 152 (1)

1115155111551515, Rob. 54

1115111511553. 157 (1)

111515515, Η555. 5511515555 59

11155551, 5555515115 (1)

- Rob., Sim. 155 (2)

11155155, 1115. 37

11151555515155515, 15515115 5511115. 56

-- 1153. 39

1115555135, Sym. 16 (1), 156 (2)

1115555115, 15515. 5511115. 17 (2)

15151, 151. 49

151153, 151515, 1115. 551 Tho. 15 33

1535515, see 13555

1555155311153. 1, 152 (2)

155355551555 137

mirabor, see Goldsmith

Avenel‚ Joh. 51

 

