164 166611.

061, 0616, 0661, 111616 16 (1), 19 (1) 013, Thomas Arundel, Bishop 61, 96,
- 066111616 66011661. 16 152 (2) 109

061113, 77111. 33 01361, 1106167, 21 (2), 132-3
066316, 1611. 155 (2) - Alex. 20 (1)

06316, Hem, 61611666 90 - Tho. 14 (2), 129, 130-1

011166, Will. 24 — Will. 16 (1)

016166, Will. 154 (1) 01361611. 06 711116111661 13, 15 (1)
011166, 1611. 06 20 (2) 06363116, Will. de 1, 16 (2), 157 (2);
06, Will. 77 666 06636366

06116, 1611. 152 (2) 0316616166, 1611. 06 106, 120

—- Tho. 153 (1) 0161066, 1. 660 611616 16 (1)

- 77111. 77 016163, Magister 606111 06 17 (1)
061661, 1160. 6601611616 33 01636, 1111616 16 (1)

06666366, 666 06661611 - 77111 15 (1); 666 11611136
0616111610, 666 011610 0131630616, 0606 0612; 666 06131163-
016361, 01166 16 21 (1), 153 (2) 116111

- 11611106, 153 (2) 06666066, 77111. 06 2

0163166, (1611. 06155 (1) 061, 1611. 77

— Heu. 06 14 (2) 0661666, 0661. 20 (1)

-16116116 06 16 (1) 06616066, 1160. 06156 (1)

— 1116. 06 131 01111113, Rob. 06 153 (2)

- 1166161 61, 6661161166, 77611. 06 036, 1611, 06 33

0611, (1611. 165 (2) 031, 0636 06 46; 666 0631
0611113113, Agnes 18 (2) -166 23

-1611, 6, 16 (2), 130 -1611. 16151 (2)
- 1161). 151 (1) 03166, 77111. 06 52
0611616616, Alex. de 6110 16116666
17 (2) 061161, Η63ο 157 (2)
06661611, 06666366, J. 06 51 - Pet. 153 (1)
06111616, 0161163161, 6660613, 016. 06 - 77611. 155 (2); 666 6161111, 061661
06111, 066. 24 0606166616, 1611. 156 (1) ¹

0616611661, 60611106 154 (2)
06166, 011116116660626 - 1611. 06 154 (2)

00616110, Tho. fil. 130 —- Tho. 06 151 (1)
001666016 631, 1166616 14 (2) 06161660, Daniel 06 136, 137
006610, Joh. 17 (2), 133, 154 (2) 0611116116, 00611106 16 157 (2)
- 71611. 153 (1) 06116611, Adam 16 6110 1116136116 19 (2) ,
01066111, 1161111 14 (1) 061661, christophor 16 153 (2)
01061-11161611 132 - 1661). 6110 77611. 77; 666 smith,
Elm, 1163. 06 69, 70 Faber
— Tho. 06 19 (1), 20 (1) 155 (1) 0106, 1163. 163 (2)
0161636661, Will. 06 153 (2) 01111106, Will. 22
016661111, 1611. 06 151 (1) 011113, 0316113, 1116. 06155 (2)
01116163, 01166166, 11611 06 44 0160611661, 0613. 14 (1)
-1611 06 55 0116160, Μ61110. 16 (2)
- Tho. 06 43, 55; 666 06111616 0161161, 666 Piscator

Ι 013, 11613, 0611. 06 19 (2), 154 (1) 01663611, 016. 57
- 1163. 06, 116161 21 (2) 0166666361, 666 01611666361·

 

