174

818118, 8111181 88 14 (2)

- 1183. 88

- will. 88 38, 48

8118111818, 8118111881, 811818 88 18 (1)

- 1181. 888 Agnes 38

81118188, 11813. 88, 118111. 88, 1188.
88 21 (1)

81811818, Tho. 28 ,

88811811, Adam 88 8881111818 29

- 11111. 88 33

3818818181). 88155 (1)

88181, 8811. 153 (2)

881188, 881188, 88811888, 111818 88
19 (2) ·

- 1181188 88 21 (2)

—- 18811. 81811888 88, 90

- 17811. 88 120-1; 888 11111118

8118111888, 11811. 88 30

81181818, Η88. 156 (2)

81, 888 si.

syn, 888 Sis

1811181181, Joh. 18 15 (2), 135

- Rath. 18 15 (2)

-— 1118. 18 134-5, 154 (1)

181181, 18111881, Edm. 18 152 (2)

- 11813. 22

,- 1188. 18, 1183. 18 153 (2)

- Sim. 18 157 (1)

—- Tho. le 1, 5, 7, 14 (2)

1811181, will. 154 (2)

1811181111, 1118. 88 22, 153 (1)

- walt. 88 153 (1)

- will. 88 151 (1)

1818181111, Joh. 45

1888, 0811. 88 20 (2)

188381818, Η88. 88 45, 51, 52, 53,
138, 141, 146

18181881, Joh. 18 153 (1)

- Rob. 888 Agnes 19 (2)

- 181111888811813. 20 (1)

1818, 8811. 888 881811 43

188811838, 0111888 88 21 (2)

- 1183. 88 29

- Tho. (18 8, 9, 11

- 11111 88 153 (2)

18818811, 1188. 888 11811118 36

1811183188, 111131888, Μ8111. 88888

11813. 18 (2)

INDEX.

1811183188, 111888 19 (1)

1818188881, 188181881818, Joh. 88 888
188. 23

—- Joh. 88 50, 55, 58

- Ρ81. 88 and Agnes 37

-— Rio. 81188 1111111118 39

- 1188181, 1118. 54

1118181181,1118881181, 1181118 888 118111.
53

11181188, 1118881888, (1811. 88 and
11811118 (1), 154 (1)

- 8811. 8888811813. 21 (2), 135

- Μ813. 88 18 (1)

- 118111, 16

- 1118. 88 888 13888 21 (2),25, 153 (1)

— 11888 88 16

- 11111. 88 16, 154 (1)

11811818, 818811. 88 154 (1)

118181888881, 8881818181881

1118181181). 155 (1)

118818181881, 8. 28

111818, 8811. 88 22 (2)

- Rob. 31

1881183188, 888 1811183188

1111181811, 888 11181811

11181181, 11811. 155 (1)

- will. 132, 155 (1)

1118181838, 8811 31

1181111111, Joh. 88 130

11181, Joh. 37, 38

11111, 11811. 30

111881, 1118. 88 888 Agnes 29, 34, 46

1188818, Η838 88 22

1183111811, 11111. 88 8881811818 130

11113188, 888 1811183188

1118118811, 1181181811, (1811. 88153(1)

- 8811. 88 154 (2)

- 11811. 88 154 (3)

- 11811. 88 888 118111.18(1)

11108811811118811818, 8811. 88 97

1811, Η88. 88 2, 5, 22,134,152(2),
157 (2)

—-— Joh. 88 22, 135

- 11811. 88 16 (1)

181181, Rob. 888 08818 34

188881, 8811. 888 18818118 20 (2)

- 888 81188888

1811881, 1811888818, 188. 25

-8811. 21 (2), 25

 

