INDEX.

1100111103, Ηο30 153 (2)

-1011, 153 (2)

- 22111. 155 (1)

1100110001, 1103010001, Tho. 10 20 (2)

ξ - 0111101110)

1101000301, 301. 10 18 (1)

’ - Rio. 10 14 (2)

11010, Rob. de 33

11013, Tho, 18 (1), 154 (2)
·— 22111. 18 (1)’
1016110111, 1103. 6015 (2)
10100101,22111. 154 (2)
1011103100, Rie. 60 31 -

’ 1010101, (1011. 47

- will. 23, 135

10010, 100. 35

- Jul. 22

- 1110. 108

- 1103. 154 (1)

101100, 1030001600] 11001. 60 22 (2)
— Rob. 60, 110101] 25-6, 106, 122
11000030, Joh. 129

3 — sim. 42; 000 11011011
⁷ Frape, Joh. 006 3011011110 43
1 -— 22011. 0116 Dionysia 53

1100011, Joh. 10 136

11000011, 301121 (2)

1100011010, Μο13. 60 20 (2)

1103001, Joh. 151 (2)

111603, Joh. 135

1001113003011. 15 (2)

1011001110, 1001100100, 11011 60 0116
30110000 46

- Heu. de 9

- Joh. 00611013. 55

- 1103. 60 0116 Aubri 14 (1)

101101, Joh. 10 8, 18 (2), 131-2

- Μο111. 18 (2), 131

1311010, Joh. 19 (1), 152 (2)

- will. 152 (2)

1306001001, 0001106011101

Gamelyn, Tho. 63

(103010, 301182

(10600030, will. 0116 1011011110 38
(10111ογ0, (10011. 16 (2)

(1016101, 000 (1116101

(10111000, Joh. 22 (1)

(10111000, 110111. 22 (1)

- Bob. 21 (2)

(101006, Joh. 16 (2), 122-131
(1010030, 111010, 12 (2)

- 12011. 12 (2), 154 (1)

(1013, 11111010 60 152 (2)

- Rob. 60 152 (2)

(11111011, Joh. 108

(1116101, 11011010 12 (2), 153 (2)
- Joh. 10 155 (1)

(1111011, (1111100, Ηο0. 60 154 (1)
-- Rob. de 152 (1)

- 22011. 60 31

(1100100, 22111. 60 0116 110111 25
(11061311, 22111. 155 (2)
(1100111010, Rob. 0116 11013. 46
0100011311, will. 10 0116 1011011110 22
- Will. 10 134, 136
(1101100101, 22111. 15 (1)

Glomery 110110 135

(1100000101, Tho„ olorinus 100, 120
(110001, 1100. 10152 (1)
-3011, 53

(10601ορ, Ηο30 2, 6, 21 (2), 133, 135
-1011, 61. 300. 136

- 110111. 154 (1)

(1060111ᾱί, 110030101011010 155 (1)
(10600100, Alio. 22

- Joh. 53 Δ

- Μο13. 20 (2), 153. (1)

- Sim. 2, 7, 2, 20 (2), 132
(1060010100, Joh. 60 22
(1060010111, 22011. 77

(10601300, 30301 156 (2) .
Godlomb, 100. 20 (2)

-100 6

- Μο1. 15 (1)

- Sym. 15 (2)

(10600110, 101010 20 (1)

- Βο1106101 21 (2)

- Joh. 15 (1)

- Steph. 16 (1)

(106301, 22111. 153 (1)

Godyn, Joh. 137

(10331113, Barth. 122, 130-2
-1011, 21 (1), 134, 152 (2)
(10160010301. 144
(10161131οω, 13110060 152 (1)

 

