INDEX.

Shepherd‚ 155 851551
8110500105, (155. 15120
81150050, 8011511050, 01151519 (1)

-1011, 136, 154 (2)

- Μ513. 77

- 1115. 9, 154 (2)

—· Rob. 21 (2)

- Sim. 23, 26-7

- Will. 4, 5, 20 (2)

8115111101, 8011510301, 111505 21 (1)

- 11513. 155 (2)

8115111105, Will. and 10115005 34

81111010, 81515155 (1)

81115113, 10111519 (1)

8111151153, 1155151 51 ; 555 Η50001111,
1115. de

8101511308110. 80

81113351, 1011. 18 (1)

Sis, siis, 8]115,Α1151517 (1), 19 (1) ¹

— Dera 20 (1)

- Gilb. 131

- 1511. 18 (1), 131

81150, Cassandria uxor Simonis 16 (2)
— 8110. 7

81110051, 111511 15 155 (1)

- 1511. 15 53

skippeaway, Agnes 20 (1)

- 155. 21 (2)

81551011, 81580115, Sim. 1519(2), 39
8101501515, 1151). 15 22

- Will. 156 (1)

— Will. 15 501 Isab. 16 (1)
81515115, 555 81051511

8153115151511. and 155. 22 (1)
810511, 1011. 156 (2)

·- 8101. 156 (2)

81111111, Gali. 15 130

- Ηο311 15 135

, -1511 15 50103055 58

- Ι1110. 10 58

- 555 151001, Faber

8001303100. 154 (1)

-- Will. 156 (1)

8011501, 8511501, Adam 15 3, 12, 18 (1),
155 (5)

- 1011. 15 17 (1)

- 1511. 15 551 1011505 29

-,- will. 137

Sambi, Ria. 38

173

8501511, 77511. 55

8510115053, 1011. 501 115111. 40

8001535, 555 850153

801100, 155 8011011

8001001515, 111511. 54

8501100, 555 801150

85515111001011. 5011115111. 45

8115113113, Bia. 82

85510115, 1011. 23

spark, Tho. 501 15115005 54

80511103, 555 sperling

Sponsor, Joh. le 152 (1)

sperling, Sparlyng, Adam 151 (1)

— Joh. 36

- 111011. 47

- Will. 48

851551, 11155515 165 (1)

- (1310 15 2, 7-9, 131-3, 154 (1)

- Μ513. 15 29

- Nic. 15 2

-- Pet. 15 14 (2)

- 1115. 15 and¹ Johanna 15 (2)

—- 1110. 15 155 (1)

- walt. 25

- Will. 15 501 111505 21 (2)

- Will. 15 and Kath. 18 (1)

851011011115, 1110. 1505111513. 37

81511011, 1011. 63

8151500110, 1153. 152 (2)

81501155, 1011. 15 155 (2)

8151151551, 8150515515, 1101). de and
15115005 38

8153511511, 8155111511οο, Tho. 155111
15511. 34

- ’1. 28

sayna, Bob. 48

8151111103, 77511. 157 (2)

815105, Rob. 39

- 71511. 501 Christiana 39

- Will. 501 Μ5111. 39

8151350150, Rob. 5111 1 ohanna 1, 20 (1)

81001150, 301515 15 3

— Bob. 15 22 (1)

- Sim. 15 5513551111 56, 154 (2)

- 8111115 2, 3, 7, 9, 18 (2), 132-3

8151155, 10115005 de 151 (1)

-1511 501 85151141

8100100135 129

8100111, Β551. 42

 

