172

1155111511, 1111. 23

--151 15 22 (2), 136-7

- Tho. 15 23

Roper, Tho. 15 154 (1)

1151511115, 1115. 153 (2)

11515515, Joh. 50

115111 0111511, And. 11551 51 37
- 11551 51, 555 0511131511, 1115. 15
Bous, 15111 (2)

111555111153, 34

11351151). 151 (2)

Byeburgh (—) 19 (2)

85151515, Phil. 51111351ιί515 30

851511, 555 851511

81 Andrew‘s, chimissins, 1115. 11551
51 37

81 Β51151’5, 111511, parson 51 15 (2)

- John, 115515151 23

- flector, 555 Eyton, Will. 15

- 1155151, 555 11515511, 151.

81 Β5151ρ11’5, Joh., 11551 ο1 43

81 0151115115, 11551, 555 Hsydon‚ will.

81 Edmund’s 015351, 157

8. 1111111111, Β511. 15 153 (1)

81 21151111, 555 8515115111, 11511. 15

81 John’s, Alex„ 11551 51 27

81 John's Hospital 157

81 115135, John, 1515 1155151 21 (1)

—- 1155151, l

81 115515, Joh. 15 511 1151115 51,
155 (1)

- 1153. de 154 (1)

—— 11511. 15 155 (2)

81 1151531115 157

8515, Joh. 1515151 (1)

8511511113, 1151155154 (1)

- Wili. 15 5111 1515115 45

85111151, 11111. 36, 38

8511515, 1151). 15 152 (1)

851153, 85111515, 1151. 1519 (1)

- 11111, 15 106

85511511, 1115. 59

- will. de 511 Μ513. 27

855151115, Tho. 15, miles 135

855115151311, 855111515151, Η51. 15
151 (2)

8555511511, 8515151151, 151. 44

INDEX.

8551511511, 1115. 51111513. 36

85151151511, 555 81511511

85115153, 555 8151135]

Schenyngheye, m Shengay

Schep‚ Nic. 5111 11513. 34

8515151151, 555 8551511511

8511511151, 555 81511151

8515111311, 555 81511111

85151151, 555 81551151

8511531511, 11111. 20 (2)

8515515 811551 135

851111, will. 9

8551, Η51. 511 Agnes 50

— Joh. 511 Agnes 33

- Rob. 151 (2)

85113151Η511. 129, 152 (1)

-- Joh. 129

Suum, Will. 156 (1)

85551511115, Joh. 15134

8531515, Joh. (15 57

8515151531, 151127

8511515311, Pet. 15 511 15115115 21 (2)

851151, Η53ο 154 (1)

- Laut. 511 Agnes 151 (1)

- 11111. 129, 151 (1)

85111511, 1551, 1151, will. 17 ,

85111515, Η51. 17 (1), 19 (2)

8511151115. 5111 15511. 57

8531515, Sim. 131

8513511, Tho. 1513 (1)

851151, Η51115 15 21 (1)

8515115111, 8555115115, 8511511151).
15 132, 156 (2)

- 11511. 15 45

8531111155, 1153. 15 and 15515115 33

811531, 155. 38 ·

81551151, 85151151, Rob. 15 and Agnes
14 (2); sim. leand 11111115 15 (1)

81511511, 851511515115,(11151151(1, Agnes
do 22 (2)

- 4111515 15 11

-- 0111511515 15 53

- Joh. 15 11

- will. 15 155 (2)

8151353, 85151153, Magister hospicii
15 4

—- 11111. Μ5315151 15 13 (2)

81511511, 1153. 132

 

